0.030303 1.000000 
0.060606 1.000000 
0.090909 1.000000 
0.121212 1.000000 
0.151515 1.000000 
0.181818 1.000000 
0.212121 1.000000 
0.242424 1.000000 
0.272727 1.000000 
0.303030 1.000000 
0.333333 1.000000 
0.363636 1.000000 
0.393939 1.000000 
0.424242 1.000000 
0.454545 1.000000 
0.484848 1.000000 
0.515152 1.000000 
0.545455 1.000000 
0.575758 1.000000 
0.606061 1.000000 
0.636364 1.000000 
0.666667 1.000000 
0.696970 1.000002 
0.727273 0.999991 
0.757576 1.000039 
0.787879 0.999834 
0.818182 1.000710 
0.848485 0.996972 
0.878788 1.012906 
0.909091 0.944979 
0.939394 1.234568 
0.969697 0.000000 
